5
2
3
7 8 2 4 0 -1
7 8 1 2 0 2
8 10 1 2 0 2
haar_x2_y2
-1.001713e-003 0 1
3
8 8 2 4 0 -1
8 8 1 2 0 2
9 10 1 2 0 2
haar_x2_y2
-1.451026e-003 -1 -2
6.370036e-001 5.195285e-001 -5.993982e-001 
2
2
12 7 10 3 0 -1
17 7 5 3 0 2
haar_x2
2.982629e-003 0 1
2
10 12 3 1 0 -1
11 12 1 1 0 3
haar_x3
5.357598e-005 -1 -2
-6.131892e-001 5.828111e-001 -8.810949e-001 
2
3
1 6 2 8 0 -1
1 6 1 4 0 2
2 10 1 4 0 2
haar_x2_y2
-4.291630e-003 0 1
2
11 12 1 3 0 -1
11 13 1 1 0 3
haar_y3
3.779928e-003 -1 -2
7.241630e-001 -5.763552e-001 7.185442e-001 
2
2
22 8 2 8 0 -1
23 8 1 8 0 2
haar_x2
-4.438928e-003 0 1
2
16 1 8 15 0 -1
20 1 4 15 0 2
haar_x2
-5.665137e-002 -1 -2
5.186657e-001 2.976551e-001 -7.487967e-001 
2
2
0 9 2 9 0 -1
1 9 1 9 0 2
haar_x2
1.317349e-005 0 1
2
9 9 6 6 0 -1
11 11 2 2 0 9
haar_point
5.428635e-002 -1 -2
-5.848497e-001 -6.115015e-001 6.299569e-001 
-9.082256e-001

5
-1
