5
2
2
4 3 15 21 0 -1
9 10 5 7 0 9
haar_point
2.845374e-001 1 0
2
7 9 7 10 0 -1
7 14 7 5 0 2
haar_y2
-7.719292e-002 -1 -2
-8.797645e-001 4.716887e-001 -7.573111e-001 
2
2
7 4 4 3 0 -1
8 5 2 3 0 2
tilted_haar_x4
-5.322961e-003 1 0
2
3 8 10 3 0 -1
8 8 5 3 0 2
haar_x2
1.903819e-002 -1 -2
-4.152021e-001 6.583551e-001 -8.019248e-001 
2
2
6 17 12 7 0 -1
9 17 6 7 0 2
haar_x4
-6.893501e-003 0 1
2
6 14 12 10 0 -1
10 14 4 10 0 3
haar_x3
1.134143e-002 -1 -2
-7.555406e-001 4.524878e-001 -6.670787e-001 
2
2
22 5 2 3 0 -1
21 6 2 1 0 3
tilted_haar_y3
6.764106e-003 1 0
2
15 12 5 2 0 -1
15 13 5 1 0 2
haar_y2
1.458101e-005 -1 -2
6.231461e-001 -5.494521e-001 3.417271e-001 
2
3
6 10 14 4 0 -1
6 10 7 2 0 2
13 12 7 2 0 2
haar_x2_y2
-2.659875e-002 0 1
2
14 11 4 2 0 -1
14 12 4 1 0 2
haar_y2
3.162980e-003 -1 -2
7.706015e-001 -6.159837e-001 4.080546e-001 
-1.089810e+000

7
-1
