4
2
2
1 0 2 12 0 -1
1 6 2 6 0 2
haar_y2
1.636084e-005 0 1
2
5 3 15 21 0 -1
10 10 5 7 0 9
haar_point
2.707598e-001 -1 -2
-6.785066e-001 4.928509e-001 -8.273619e-001 
2
2
7 11 13 12 0 -1
7 17 13 6 0 2
haar_y2
-8.469647e-002 1 0
2
2 9 15 12 0 -1
7 9 5 12 0 3
haar_x3
9.990148e-005 -1 -2
-7.737556e-001 -7.575723e-001 5.396656e-001 
2
2
11 10 3 1 0 -1
12 10 1 1 0 3
haar_x3
-2.388400e-003 0 1
3
10 10 2 2 0 -1
10 10 1 1 0 2
11 11 1 1 0 2
haar_x2_y2
2.647577e-003 -1 -2
6.512524e-001 -6.572475e-001 5.384690e-001 
2
2
5 0 16 9 0 -1
5 3 16 3 0 3
haar_y3
5.384030e-002 1 0
2
10 1 7 8 0 -1
10 5 7 4 0 2
haar_y2
6.565300e-002 -1 -2
4.582914e-001 -7.195039e-001 5.937048e-001 
-1.515592e+000

6
-1
