5
2
2
11 9 3 6 0 -1
11 11 3 2 0 3
haar_y3
2.663974e-002 0 1
2
8 6 14 2 0 -1
8 6 7 2 0 2
tilted_haar_x2
6.202619e-002 -1 -2
-7.130874e-001 -7.652225e-001 6.672893e-001 
2
2
18 0 6 2 0 -1
18 0 6 1 0 2
tilted_haar_y2
-8.457328e-003 0 1
2
19 2 5 4 0 -1
19 2 5 2 0 2
tilted_haar_y2
-3.421244e-002 -1 -2
6.544614e-001 6.727797e-001 -7.001464e-001 
2
2
10 7 5 2 0 -1
10 8 5 1 0 2
haar_y2
-1.388749e-003 0 1
2
12 5 1 6 0 -1
12 8 1 3 0 2
haar_y2
-3.921025e-003 -1 -2
5.652051e-001 5.974170e-001 -6.913769e-001 
2
2
20 7 4 9 0 -1
21 7 2 9 0 2
haar_x4
1.025639e-002 1 0
2
0 0 24 6 0 -1
8 2 8 2 0 9
haar_point
2.025606e-001 -1 -2
6.742206e-001 -6.831565e-001 4.378169e-001 
2
2
0 2 2 14 0 -1
1 2 1 14 0 2
haar_x2
1.284363e-005 0 1
2
11 12 3 1 0 -1
12 12 1 1 0 3
haar_x3
3.590536e-005 -1 -2
-6.269000e-001 6.016351e-001 -6.761541e-001 
-9.494734e-001

3
-1
