5
2
2
0 0 24 2 0 -1
0 1 24 1 0 2
haar_y2
-1.258083e-003 0 1
2
12 12 2 1 0 -1
13 12 1 1 0 2
haar_x2
-3.760346e-005 -1 -2
-8.782072e-001 -7.777733e-001 4.084779e-001 
2
2
10 11 1 3 0 -1
10 12 1 1 0 3
haar_y3
4.171601e-003 1 0
2
11 2 7 6 0 -1
11 5 7 3 0 2
haar_y2
-2.602750e-002 -1 -2
5.750453e-001 5.035976e-001 -6.411812e-001 
2
2
20 0 3 10 0 -1
20 5 3 5 0 2
haar_y2
2.465402e-005 0 1
3
8 9 6 4 0 -1
8 9 3 2 0 2
11 11 3 2 0 2
haar_x2_y2
2.914330e-003 -1 -2
-6.986881e-001 -6.944324e-001 5.037032e-001 
2
2
10 7 8 12 0 -1
14 7 4 12 0 2
haar_x2
-1.557966e-005 1 0
2
17 5 2 18 0 -1
17 14 2 9 0 2
haar_y2
-2.076031e-002 -1 -2
-7.402397e-001 4.617426e-001 -6.389297e-001 
2
2
8 7 3 3 0 -1
9 8 1 1 0 9
haar_point
2.056654e-003 0 1
3
20 0 4 6 0 -1
20 0 2 3 0 2
22 3 2 3 0 2
haar_x2_y2
7.425720e-004 -1 -2
-5.059916e-001 4.988217e-001 -8.334033e-001 
-1.172809e+000

8
-1
