4
2
2
7 5 6 18 0 -1
7 14 6 9 0 2
haar_y2
-1.274199e-001 1 0
2
0 0 23 6 0 -1
0 3 23 3 0 2
haar_y2
2.122953e-002 -1 -2
-7.617263e-001 -5.947131e-001 5.964468e-001 
2
2
12 10 1 2 0 -1
12 11 1 1 0 2
haar_y2
3.239043e-003 1 0
2
10 10 3 1 0 -1
11 10 1 1 0 3
haar_x3
-2.121328e-003 -1 -2
5.752910e-001 5.939846e-001 -6.814103e-001 
2
2
0 0 12 13 0 -1
6 0 6 13 0 2
haar_x2
1.994331e-002 0 1
2
3 8 18 13 0 -1
9 8 6 13 0 3
haar_x3
8.180156e-002 -1 -2
-8.795981e-001 4.432629e-001 -7.295417e-001 
2
2
4 11 18 9 0 -1
10 11 6 9 0 3
haar_x3
-6.120572e-003 0 1
2
9 3 10 5 0 -1
9 3 5 5 0 2
tilted_haar_x2
4.615698e-005 -1 -2
-8.411453e-001 -7.841116e-001 4.540147e-001 
-1.616972e+000

4
-1
