3
2
2
12 9 1 3 0 -1
12 10 1 1 0 3
haar_y3
-2.202837e-003 0 1
2
0 2 24 1 0 -1
6 2 12 1 0 2
haar_x4
2.916467e-002 -1 -2
6.295659e-001 -8.536181e-001 6.556162e-001 
2
2
22 8 2 9 0 -1
23 8 1 9 0 2
haar_x2
-1.387917e-005 1 0
2
3 4 14 18 0 -1
3 13 14 9 0 2
haar_y2
-1.780680e-001 -1 -2
-7.067515e-001 7.197017e-001 -8.298142e-001 
2
2
8 8 12 2 0 -1
12 8 4 2 0 3
haar_x3
-7.741658e-003 1 0
2
22 3 1 20 0 -1
22 3 1 10 0 2
tilted_haar_y2
2.202914e-002 -1 -2
-6.744556e-001 -8.522637e-001 7.064992e-001 
-9.861801e-001

2
-1
