3
2
2
11 10 2 2 0 -1
11 11 2 1 0 2
haar_y2
2.545261e-003 0 1
2
7 5 6 18 0 -1
7 14 6 9 0 2
haar_y2
-1.078159e-001 -1 -2
-8.464669e-001 9.273315e-001 -6.488792e-001 
2
2
6 9 15 2 0 -1
11 9 5 2 0 3
haar_x3
-9.733211e-005 1 0
2
1 0 23 6 0 -1
1 3 23 3 0 2
haar_y2
6.458178e-004 -1 -2
-7.267941e-001 -7.676646e-001 8.330029e-001 
2
2
11 11 4 6 0 -1
11 14 4 3 0 2
haar_y2
-3.042187e-002 1 0
2
0 0 18 15 0 -1
6 0 6 15 0 3
haar_x3
3.676691e-002 -1 -2
-8.177865e-001 -7.732311e-001 7.464715e-001 
-8.312505e-001

1
-1
